[startbtn]
stx=1218
sty=690
[transfermarcet]
tmx=47
tmy=407
[searchinput]
sx=709	
sy=426
[firstplayerlist]
fx=609
fy=525
[downscroll]
dx=1505
dy=834
[maxinput]
mx=1164
my=806  
[searchbutton]
scx=1152
scy=879
[buynowbutton]
bx=1648
by=781
[okbutton]
ox=1039
oy=647  
[okbutton2]
o2x=666
o2y=477   
[back]
bcx=126
bcy=147       
[minimuminput]
mix=690		
miy=697