[startbtn]
stx=1218
sty=690
[transfermarcet]
tmx=43
tmy=412  
[searchinput]
sx=785	
sy=422
[firstplayerlist]
fx=755
fy=525
[downscroll]
dx=1502
dy=835
[maxinput]
mx=1123
my=802 
[searchbutton]
scx=1155
scy=879
[buynowbutton]
bx=1620   
by=782
[okbutton]
ox=1021
oy=640   
[okbutton2]
o2x=666
o2y=477   
[back]
bcx=125
bcy=142       
[minimuminput]
mix=699		 
miy=691